-1 7 -1
6 -5 -5
2 1 -3
5 -8 -8
5 3 -5
5 8 -3
-6 -10 -4
-4 -10 2
-10 1 10
2 -6 4
3 -10 1
9 -5 -3
-9 -1 7
-3 -8 1
-7 4 2
-1 -5 -5
1 -3 -6
-8 5 2
3 -10 -5
8 2 -6
-4 -9 5
-4 -10 -4
10 -3 -5
-6 -4 10
3 3 -9
7 1 -8
-4 4 2
-7 5 4
7 10 -10
5 2 -9
-4 -8 -2
5 -3 -7
-2 7 -5
-8 4 9
5 10 2
-7 8 5
-5 -2 10
-1 -6 -2
-6 1 10
-3 -9 -4
5 1 -5
4 4 -8
5 -4 -10
3 -7 -9
8 -8 -9
6 1 -7
-2 -8 10
-10 6 2
6 5 -7
7 2 -2
10 6 -5
-8 3 7
-7 8 4
5 10 -2
7 7 -2
2 -9 1
-2 -9 -7
3 -7 -1
-8 9 6
-8 10 8
-9 3 3
-2 -8 -2
-9 2 7
7 10 -10
-10 -9 3
6 -7 -9
-1 -7 -3
2 3 -3
7 2 -2
-9 9 10
8 -4 -8
-10 9 9
-3 4 5
-1 2 10
-2 -10 -7
-5 4 10
-1 1 7
-1 8 7
5 10 -9
-9 9 1
1 -8 10
3 8 2
-1 -8 -3
-1 -6 -8
-4 6 1
3 7 3
-7 8 9
-7 9 10
1 5 -9
-8 -8 7
-1 -7 -4
-10 -5 1
-6 4 6
-2 -1 9
-7 3 3
3 -4 -1
9 4 -4
-5 -2 10
-6 -6 10
-1 -5 -1
